      0.400000  1.13439E-006  1.86100E-007
      0.799999  2.10309E-007  3.80674E-007
       1.20000  8.13386E-007  5.20023E-007
       1.60000 -9.62150E-007  5.58237E-007
       2.00000  1.08371E-006  6.04385E-007
       2.40000  3.74362E-007  6.24646E-007
       2.80000  8.42022E-007  6.22264E-007
       3.20000  6.61507E-007  6.40061E-007
       3.60000  8.02288E-007  6.28577E-007
       4.00000  3.38224E-007  6.23063E-007
       4.40000  2.91303E-008  6.06892E-007
       4.80000  2.23750E-008  5.98017E-007
       5.20000 -1.01484E-007  6.04945E-007
       5.60000  4.62765E-007  6.10864E-007
       6.00000 -6.88382E-007  5.76350E-007
       6.40000  7.69856E-007  5.76096E-007
       6.80000  2.64340E-007  5.88958E-007
       7.20000  9.80134E-007  5.96102E-007
       7.60000  1.82853E-006  6.00834E-007
       8.00000 -4.38384E-008  6.17328E-007
       8.40000  1.51703E-006  5.70660E-007
       8.80000  1.99014E-006  5.80950E-007
       9.20000  1.25044E-006  6.09576E-007
       9.60000  1.41301E-006  5.96354E-007
       10.0000  1.50961E-006  6.41828E-007
       10.4000  3.13237E-006  6.71738E-007
       10.8000  2.22276E-006  7.22665E-007
       11.2000  1.68726E-006  7.00273E-007
       11.6000  1.64230E-006  6.87543E-007
       12.0000  1.95841E-006  6.57953E-007
       12.4000  1.83287E-006  6.38749E-007
       12.8000  1.71703E-006  6.66393E-007
       13.2000  2.33473E-006  6.79209E-007
       13.6000  8.28874E-007  7.19938E-007
       14.0000  2.55164E-006  7.09784E-007
       14.4000  1.42311E-006  7.34695E-007
       14.8000  2.04154E-006  7.30673E-007
       15.2000  2.10719E-006  7.14216E-007
       15.6000  2.95739E-006  7.18363E-007
       16.0000  3.10134E-006  7.83207E-007
       16.4000  2.26171E-006  7.71495E-007
       16.8000  1.17006E-006  7.99177E-007
       17.2000  1.36007E-006  8.00785E-007
       17.6000  2.10088E-006  8.29041E-007
       18.0000  3.41007E-006  8.77011E-007
       18.4000  1.55119E-006  9.35508E-007
       18.8000  1.96654E-006  9.92925E-007
       19.2000  2.42961E-006  1.02332E-006
       19.6000  2.69512E-006  1.04278E-006
       20.0000  3.37200E-006  1.02813E-006
       20.4000  2.81139E-006  1.00337E-006
       20.8000  3.21389E-006  9.21951E-007
       21.2000  2.97052E-006  8.99782E-007
       21.6000  1.47268E-006  1.00098E-006
       22.0000  3.02903E-006  9.55687E-007
       22.4000  3.70187E-006  8.68458E-007
       22.8000  3.53685E-006  9.35633E-007
       23.2000  2.81678E-006  9.03337E-007
       23.6000  1.90544E-006  8.77772E-007
       24.0000  3.87452E-006  8.49678E-007
       24.4000  4.32224E-006  8.55387E-007
       24.8000  4.71635E-006  8.28330E-007
       25.2000  4.27031E-006  7.85177E-007
       25.6000  5.67342E-006  8.32190E-007
       26.0000  5.45814E-006  7.60960E-007
       26.4000  5.18720E-006  8.17055E-007
       26.8000  6.25798E-006  8.23205E-007
       27.2000  5.02887E-006  7.34168E-007
       27.6000  5.52328E-006  7.38032E-007
       28.0000  6.06724E-006  8.17363E-007
       28.4000  6.58815E-006  8.04302E-007
       28.8000  7.48576E-006  7.10791E-007
       29.2000  8.64699E-006  6.75608E-007
       29.6000  7.67508E-006  6.95916E-007
       30.0000  6.45595E-006  7.71739E-007
       30.4000  7.44477E-006  8.07266E-007
       30.8000  7.16092E-006  8.67404E-007
       31.2000  8.50960E-006  8.49245E-007
       31.6000  8.32005E-006  6.96250E-007
       32.1646  9.47518E-006  6.23087E-007
       32.7292  9.85921E-006  7.43575E-007
       33.1336  9.98363E-006  8.79146E-007
       33.5447  9.82715E-006  8.49344E-007
       33.9628  1.22962E-005  8.51172E-007
       34.3879  1.04761E-005  8.24696E-007
       34.8203  9.61035E-006  8.01996E-007
       35.2600  1.16501E-005  7.95607E-007
       35.7074  1.15726E-005  8.10571E-007
       36.1624  1.25318E-005  8.14773E-007
       36.6254  1.04760E-005  7.75806E-007
       37.0965  1.11078E-005  7.51125E-007
       37.5760  1.11513E-005  7.37013E-007
       38.0639  1.36053E-005  7.08588E-007
       38.5605  1.32915E-005  7.28041E-007
       39.0660  1.15619E-005  6.91610E-007
       39.5806  1.21816E-005  6.96275E-007
       40.1046  1.13703E-005  7.03412E-007
       40.6381  1.30992E-005  6.74015E-007
       41.1815  1.17531E-005  6.68825E-007
       41.7349  1.26921E-005  6.26257E-007
       42.2986  1.26805E-005  6.42917E-007
       42.8728  1.42641E-005  5.96246E-007
       43.4579  1.28813E-005  6.02813E-007
       44.0540  1.42330E-005  5.92367E-007
       44.6615  1.32526E-005  5.86195E-007
       45.2807  1.37786E-005  6.12283E-007
       45.9119  1.50071E-005  5.71009E-007
       46.5553  1.65896E-005  5.91129E-007
       47.2113  1.60960E-005  5.89343E-007
       47.8802  1.56514E-005  5.70042E-007
       48.5624  1.66187E-005  5.54856E-007
       49.2582  1.75643E-005  5.51056E-007
       49.9680  1.82541E-005  5.63553E-007
       50.6922  1.95391E-005  5.49642E-007
       51.4311  1.97559E-005  5.42150E-007
       52.1852  2.16057E-005  5.45296E-007
       52.9548  2.17224E-005  5.25345E-007
       53.7405  2.45957E-005  5.37228E-007
       54.5426  2.39188E-005  5.29542E-007
       55.3616  2.57813E-005  5.27175E-007
       56.1980  2.64174E-005  5.14581E-007
       57.0523  2.76331E-005  5.49973E-007
       57.9250  2.81793E-005  5.32644E-007
       58.8166  3.10238E-005  5.39009E-007
       59.7277  3.24360E-005  5.12244E-007
       60.6589  3.45374E-005  5.32639E-007
       61.6107  3.54964E-005  5.41468E-007
       62.5838  3.92123E-005  5.43175E-007
       63.5788  4.14991E-005  5.40445E-007
       64.5964  4.36071E-005  5.50351E-007
       65.6372  4.63074E-005  5.50895E-007
       66.7020  4.98877E-005  5.69330E-007
       67.7914  5.14843E-005  5.62259E-007
       68.9064  5.51067E-005  5.59340E-007
       70.0477  5.65135E-005  5.69335E-007
       71.2160  5.75696E-005  5.74892E-007
       72.4124  5.87091E-005  5.70685E-007
       73.6376  6.03994E-005  5.90623E-007
       74.8926  6.03959E-005  5.80419E-007
       76.1785  6.16309E-005  5.98429E-007
       77.4961  6.22740E-005  5.79316E-007
       78.8466  6.10491E-005  5.93087E-007
       80.2311  5.98990E-005  5.61550E-007
       81.6507  6.09273E-005  5.79428E-007
       83.1066  6.02405E-005  5.68512E-007
       84.6001  6.00102E-005  5.78671E-007
       86.1324  6.01522E-005  5.53552E-007
       87.7050  5.92439E-005  5.73555E-007
       89.3192  5.76055E-005  5.70046E-007
       90.9766  5.62120E-005  5.60454E-007
       92.6786  5.63484E-005  5.68805E-007
       94.4269  5.45187E-005  5.62047E-007
       96.2233  5.37338E-005  5.42670E-007
       98.0694  5.17871E-005  5.29946E-007
       99.9671  4.86419E-005  5.43623E-007
       101.918  4.67257E-005  5.30119E-007
       103.925  4.64231E-005  5.41219E-007
       105.990  4.46078E-005  5.24806E-007
       108.115  4.41495E-005  5.24097E-007
       110.302  4.44861E-005  5.06752E-007
       112.553  4.34162E-005  5.19682E-007
       114.872  4.51129E-005  5.18525E-007
       117.262  4.65138E-005  5.39791E-007
       119.724  4.70939E-005  5.36352E-007
       122.262  4.94165E-005  5.72561E-007
       124.879  5.14720E-005  5.64772E-007
       127.578  5.60947E-005  6.00595E-007
       130.364  5.91906E-005  6.15082E-007
       133.239  6.48692E-005  6.33225E-007
       136.207  6.87113E-005  6.34134E-007
       139.274  7.36651E-005  6.85273E-007
       142.442  7.99003E-005  6.85189E-007
       145.716  8.27558E-005  7.06768E-007
       149.102  8.44853E-005  7.43975E-007
       152.604  8.04162E-005  7.20767E-007
       156.228  7.78002E-005  7.18217E-007
       159.979  6.82306E-005  7.32000E-007
       163.864  6.05515E-005  7.28112E-007
       167.889  4.99676E-005  6.96116E-007
       172.060  4.18264E-005  6.56945E-007
       176.386  3.25198E-005  6.33427E-007
       180.873  2.49174E-005  6.36156E-007
       185.530  1.97112E-005  6.71661E-007
       190.366  1.61781E-005  6.34424E-007
       195.389  1.35618E-005  6.58984E-007
       200.610  1.33719E-005  6.91328E-007
       206.039  1.18164E-005  6.80854E-007
       211.687  1.13035E-005  7.72243E-007
       217.566  1.19698E-005  7.83639E-007
       223.690  1.25547E-005  8.14586E-007
       230.071  1.25675E-005  8.50999E-007
       236.725  1.25899E-005  8.80152E-007
       243.667  1.28776E-005  1.06600E-006
 [XTITLE]
Energy Transfer (meV)
 [YTITLE]
Count
 [ZTITLE]
UNKNOWN
 [OTITLE]
PELICAN Date 2023-05-12 18:26:52 User UNKNOWN Run  92574,92580 -rs(1,2,3,4,5,6,7,8,9,10,11,12,13,14,15) -vn(#362,min=768,max=800) -rb(dE=0.4)
