      0.400002      0.222392   0.000581362
      0.800001     0.0566965   0.000517222
       1.20000     0.0545407   0.000655926
       1.60000     0.0685060   0.000828698
       2.00000     0.0824865   0.000965875
       2.40000     0.0975721    0.00109855
       2.80000      0.109386    0.00119687
       3.20000      0.116236    0.00127544
       3.60000      0.129368    0.00133561
       4.00000      0.134101    0.00141829
       4.40000      0.139933    0.00148662
       4.80000      0.150864    0.00155426
       5.20000      0.161165    0.00160313
       5.60000      0.172255    0.00166543
       6.00000      0.178396    0.00172534
       6.40000      0.186553    0.00177322
       6.80000      0.195159    0.00182405
       7.20000      0.202027    0.00185902
       7.60000      0.208874    0.00191013
       8.00000      0.218705    0.00201587
       8.40000      0.223311    0.00207897
       8.80000      0.232579    0.00214675
       9.20000      0.241209    0.00220652
       9.60000      0.251009    0.00223502
       10.0000      0.260029    0.00227504
       10.4000      0.264454    0.00235145
       10.8000      0.272276    0.00245646
       11.2000      0.282410    0.00249361
       11.6000      0.295865    0.00257606
       12.0000      0.312004    0.00268253
       12.4000      0.320549    0.00279285
       12.8000      0.330971    0.00285954
       13.2000      0.336192    0.00288031
       13.6000      0.348659    0.00298234
       14.0000      0.362577    0.00307820
       14.4000      0.368668    0.00315858
       14.8000      0.383395    0.00336338
       15.2000      0.391061    0.00354609
       15.6000      0.403251    0.00359735
       16.0000      0.413798    0.00378262
       16.4000      0.427076    0.00394096
       16.8000      0.429337    0.00396316
       17.2000      0.437067    0.00435858
       17.6000      0.447213    0.00451649
       18.0000      0.459647    0.00439246
       18.4000      0.467066    0.00441809
       18.8000      0.480932    0.00450340
       19.2000      0.489986    0.00458179
       19.6000      0.497261    0.00461055
       20.0000      0.506454    0.00460699
       20.4000      0.521407    0.00471520
       20.8000      0.541009    0.00499864
       21.2000      0.558229    0.00506921
       21.6000      0.563952    0.00472296
       22.0000      0.576876    0.00460826
       22.4000      0.610492    0.00484956
       22.8000      0.620633    0.00469529
       23.2000      0.637499    0.00475672
       23.6000      0.656542    0.00475980
       24.0000      0.674759    0.00465711
       24.4000      0.700766    0.00466235
       24.8000      0.717094    0.00483319
       25.2000      0.746086    0.00482395
       25.6000      0.768642    0.00458530
       26.0000      0.801262    0.00487486
       26.4000      0.814821    0.00464786
       26.8000      0.845336    0.00460469
       27.2000      0.867773    0.00508747
       27.6000      0.885728    0.00493783
       28.0000      0.906415    0.00447089
       28.4000      0.927404    0.00458862
       28.8000      0.961528    0.00517040
       29.2000      0.976371    0.00541854
       29.6000      0.982350    0.00504941
       30.0000      0.994458    0.00466405
       30.4000       1.01152    0.00446456
       30.8000       1.02664    0.00440218
       31.2000       1.04084    0.00445044
       31.6000       1.04954    0.00453354
       32.0000       1.05252    0.00468299
       32.4599       1.06280    0.00506695
       32.9198       1.07521    0.00572059
       33.3273       1.08068    0.00611596
       33.7417       1.07666    0.00603264
       34.1631       1.07708    0.00598858
       34.5916       1.07410    0.00593013
       35.0274       1.07947    0.00590309
       35.4708       1.07561    0.00584112
       35.9217       1.08811    0.00582450
       36.3806       1.09482    0.00577393
       36.8474       1.09604    0.00573452
       37.3224       1.11271    0.00570826
       37.8058       1.12318    0.00567478
       38.2978       1.12921    0.00562435
       38.7986       1.14498    0.00562646
       39.3084       1.14923    0.00560181
       39.8274       1.16909    0.00559015
       40.3559       1.17889    0.00555050
       40.8940       1.17927    0.00549994
       41.4421       1.21178    0.00552769
       42.0004       1.21670    0.00550676
       42.5690       1.23839    0.00549417
       43.1483       1.25468    0.00548040
       43.7386       1.27597    0.00548743
       44.3401       1.29842    0.00548531
       44.9531       1.31181    0.00549826
       45.5779       1.33023    0.00549052
       46.2148       1.35175    0.00548702
       46.8642       1.37499    0.00549559
       47.5262       1.39750    0.00550868
       48.2014       1.40736    0.00550346
       48.8900       1.45347    0.00554943
       49.5924       1.46277    0.00553880
       50.3089       1.49266    0.00556215
       51.0401       1.51830    0.00557040
       51.7861       1.54180    0.00559520
       52.5475       1.57881    0.00563213
       53.3246       1.60059    0.00564169
       54.1180       1.63830    0.00566905
       54.9281       1.66359    0.00569990
       55.7552       1.70053    0.00573230
       56.6001       1.73306    0.00576711
       57.4630       1.75394    0.00578406
       58.3445       1.78900    0.00581873
       59.2453       1.83837    0.00586604
       60.1659       1.86674    0.00589561
       61.1067       1.90302    0.00594014
       62.0686       1.94908    0.00598688
       63.0519       1.99661    0.00604437
       64.0575       2.03590    0.00608206
       65.0860       2.07630    0.00612887
       66.1380       2.12228    0.00618376
       67.2144       2.16196    0.00622561
       68.3159       2.19384    0.00626466
       69.4432       2.21909    0.00628170
       70.5972       2.23882    0.00630902
       71.7786       2.25643    0.00632757
       72.9886       2.26339    0.00632955
       74.2278       2.27143    0.00633551
       75.4973       2.28010    0.00634377
       76.7980       2.27256    0.00633124
       78.1311       2.26715    0.00632191
       79.4975       2.26110    0.00631595
       80.8985       2.25668    0.00630285
       82.3351       2.24303    0.00628777
       83.8087       2.23797    0.00628105
       85.3204       2.21374    0.00624096
       86.8715       2.20549    0.00623469
       88.4636       2.18488    0.00621010
       90.0981       2.17565    0.00621513
       91.7764       2.16181    0.00619857
       93.5002       2.14540    0.00618245
       95.2710       2.13226    0.00616843
       97.0906       2.11609    0.00615659
       98.9609       2.10154    0.00614930
       100.884       2.09429    0.00616284
       102.861       2.09115    0.00616555
       104.895       2.09537    0.00619034
       106.988       2.11829    0.00624599
       109.142       2.12657    0.00628113
       111.359       2.17154    0.00637510
       113.642       2.22174    0.00648605
       115.994       2.29510    0.00662257
       118.418       2.39281    0.00680114
       120.915       2.48927    0.00698306
       123.490       2.62067    0.00721496
       126.146       2.76666    0.00746378
       128.886       2.93315    0.00774913
       131.713       3.11092    0.00804912
       134.632       3.28513    0.00834826
       137.646       3.48496    0.00867378
       140.760       3.67455    0.00900203
       143.978       3.82568    0.00928496
       147.304       3.93205    0.00952604
       150.744       4.02951    0.00976662
       154.303       4.05082    0.00993051
       157.987       4.01043     0.0100267
       161.800       3.88657     0.0100399
       165.751       3.71368    0.00997248
       169.844       3.46692    0.00981502
       174.088       3.18870    0.00959531
       178.489       2.84630    0.00926958
       183.056       2.52059    0.00892879
       187.796       2.24391    0.00863971
       192.719       1.98839    0.00836564
       197.835       1.78321    0.00814591
       203.153       1.65470    0.00809896
       208.684       1.55071    0.00809394
       214.440       1.48962    0.00821663
       220.433       1.48473    0.00847133
       226.677       1.44084    0.00869010
       233.185       1.45094    0.00903712
       239.973       1.46321    0.00950011
       247.057       1.46427    0.00993003
 [XTITLE]
Energy Transfer (meV)
 [YTITLE]
Count
 [ZTITLE]
UNKNOWN
 [OTITLE]
PELICAN Date 2023-05-11 17:19:56 User UNKNOWN Run  92552,92558 -rs(1,2,3,4,5,6,7,8,9,10,11,12,13,14,15) -rb(dE=0.4)
